 10.978180
 11.635860
 11.608466
 21.335613
 62.424877
 56.460194
 17.925686
 13.580018
 5.559250
 14.701919
 4.896951
 3.864542
 3.318196
 6.043736
 6.635981
 3.578412
 2.926867
 2.706464
 3.450335
 1.879222
 1.790755
 1.491153
 2.312527
 1.969156
 1.165578
 1.066821
 1.373593
 0.994928
 0.907269
 0.493219
 0.850970
 0.611302
 0.545096
 0.659277
 0.671050
 0.319198
 0.902190
 0.232039
 0.360442
 0.454955
 1.072888
 0.887892
 0.438557
 0.941137
 1.095653
 2.260774
 0.569743
 0.704909
 0.976175
 3.161896
 2.342196
 2.205473
 2.157366
 3.194168
 5.972682
 3.716491
 3.781586
 8.796009
 38.420570
 8.785841
 1.762202
 6.770973
 7.186797
 26.819479
 5.367692
 4.221032
 2.200941
 5.725806
 0.480049
 0.930372
 2.850258
 7.294025
 21.591782
 4.807318
 2.945147
 6.021743
 34.893795
 12.054878
 4.267579
 13.348304
 21.421053
 36.690506
 7.712655
 8.179412
 4.075681
 29.231237
 8.368876
 1.841860
 11.646404
 18.591694
 35.763496
 8.714552
 9.920272
 3.546847
 11.358495
 6.669050
 4.672071
 5.650295
 5.801199
 6.248746
 3.159431
 3.648103
 2.655990
 0.972143
 2.971566
 2.636053
 2.592057
 2.618983
 2.086288
 2.104759
 2.166779
 2.069650
 1.916681
 2.020579
 1.862037
 2.216955
 2.856665
 0.587375
 1.579062
 1.027725
 1.299680
 3.585610
 1.810340
 1.726619
 1.751975
 2.111952
 1.171105
 1.356734
 0.858507
 1.208629
 1.723661
 1.160281
 1.116220
 0.813383
 0.801882
 1.801582
 1.401448
 1.386875
 1.207191
 1.035599
 1.190534
 1.194193
 1.182772
 1.159784
 1.143628
 1.122171
 1.102676
 1.134299
 1.016444
 1.081852
 1.040936
 1.089861
 1.171918
 0.930091
 0.985117
 1.007191
 1.086938
 0.889657
 0.904576
 0.948570
 0.985878
 1.495674
 0.900769
 0.831546
 0.619938
 0.568736
 1.508292
 0.853512
 1.010088
 0.711918
 0.686074
 1.400784
 1.272095
 1.040272
 0.983081
 0.925008
 0.906397
 0.897144
 0.885585
 0.875430
 0.861057
 0.853000
 0.843722
 0.836112
 0.828180
 0.821701
 0.814910
 0.808083
 0.801947
 0.795243
 0.789691
 0.784104
 0.778021
 0.773211
 0.768284
 0.763013
 0.758134
 0.753094
 0.747660
 0.743463
 0.738893
 0.734545
 0.729701
 0.726070
 0.722222
 0.717762
 0.714034
 0.709801
 0.705931
 0.701507
 0.697883
 0.694349
 0.689906
 0.686613
 0.682931
 0.679738
 0.676122
 0.672849
 0.670250
 0.666092
 0.662554
 0.660226
 0.656356
 0.653212
 0.650361
 0.646974
 0.644256
 0.641693
 0.637840
 0.635623
 0.633044
 0.629804
 0.627255
 0.623821
 0.621768
 0.619487
 0.616206
 0.613565
 0.610813
 0.607957
 0.605567
 0.603900
 0.600204
 0.598778
 0.595808
 0.593570
 0.590995
 0.588484
 0.586438
 0.584167
 0.582168
 0.580101
 0.578061
 0.575193
 0.574015
 0.571882
 0.568955
 0.567411
 0.564440
 0.563500
 0.561447
 0.559380
 0.557220
 0.555251
 0.552996
 0.551634
 0.549652
 0.547566
 0.545433
 0.543924
 0.541502
 0.540617
 0.538684
 0.537086
 0.534736
 0.533993
 0.532187
 0.530621
 0.528003
 0.526810
 0.525596
 0.523570
 0.521944
 0.520497
 0.518778
 0.517677
 0.516034
 0.514514
 0.512961
 0.511087
 0.509141
 0.507570
 0.506807
 0.505063
 0.504294
 0.502184
 0.501686
 0.500275
 0.498440
 0.497247
 0.495853
 0.495029
 0.493430
 0.492128
 0.490802
 0.488739
 0.488188
 0.486798
 0.486114
 0.484754
 0.483412
 0.481862
 0.480618
 0.479749
 0.478781
 0.477100
 0.475591
 0.475277
 0.474319
 0.473495
 0.471995
 0.470342
 0.469902
 0.467769
 0.467809
 0.466115
 0.465857
 0.464333
 0.463245
 0.462446
 0.461477
 0.460793
 0.459549
 0.458232
 0.457764
 0.456826
 0.455494
 0.454444
 0.453643
 0.452840
 0.451483
 0.450284
 0.450342
 0.448419
 0.449210
 0.447575
 0.446399
 0.445206
 0.445430
 0.443982
 0.443390
 0.442392
 0.441017
 0.440267
 0.440175
 0.438537
 0.438998
 0.437915
 0.437249
 0.435579
 0.435606
 0.435514
 0.433778
 0.433725
 0.432858
 0.432387
 0.431879
 0.430200
 0.429631
 0.428537
 0.428079
 0.427414
 0.427547
 0.426788
 0.425749
 0.425638
 0.424536
 0.423383
 0.423288
 0.422724
 0.422155
 0.421708
 0.420454
 0.420786
 0.419519
 0.419753
 0.418749
 0.417793
 0.416876
 0.417197
 0.416453
 0.415522
 0.414555
 0.414562
 0.413742
 0.412968
 0.412979
 0.412657
 0.411503
 0.411563
 0.410374
 0.410558
 0.409629
 0.409525
 0.409216
 0.409330
 0.408496
 0.406942
 0.407175
 0.406462
 0.406806
 0.405650
 0.405241
 0.405645
 0.404511
 0.404922
 0.403724
 0.403058
 0.402860
 0.402360
 0.402246
 0.402097
 0.401448
 0.401079
 0.400548
 0.399733
 0.399916
 0.399701
 0.399796
 0.398495
 0.398039
 0.397785
 0.397479
 0.397603
 0.397325
 0.397115
 0.396701
 0.396489
 0.395810
 0.395388
 0.395015
 0.394439
 0.395295
 0.394503
 0.394308
 0.393977
 0.394151
 0.393611
 0.393650
 0.392607
 0.392419
 0.392307
 0.391529
 0.391519
 0.391324
 0.390919
 0.391977
 0.391254
 0.390121
 0.390716
 0.390551
 0.390641
 0.390330
 0.389305
 0.390142
 0.388847
 0.388207
 0.389291
 0.388749
 0.388217
 0.389271
 0.388311
 0.388193
 0.387135
 0.387942
 0.387910
 0.387272
 0.386980
 0.386998
 0.387333
 0.386898
 0.386970
 0.386297
 0.386291
 0.386182
 0.386503
 0.386209
 0.385824
 0.386096
 0.386311
 0.385792
 0.386464
 0.385692
 0.385817
 0.385276
 0.385128
 0.385151
 0.386154
 0.385822
 0.385009
 0.385988
 0.384771
 0.384834
 0.385394
 0.385201
 0.384803
 0.384455
 0.384903
 0.384311
 0.385397
 0.384193
 0.384497
 0.384674
 0.384488
 0.384187
 0.385360
 0.384166
 0.385046
 0.384517
 0.384849
 0.385230
 0.385358
 0.384850
 0.384791
 0.386008
 0.385018
 0.385829
 0.386153
 0.385156
 0.385150
 0.385279
 0.385825
 0.385691
 0.386460
 0.385798
 0.386316
 0.386093
 0.385820
 0.386215
 0.386504
 0.386195
 0.386294
 0.386291
 0.386970
 0.386898
 0.387331
 0.387010
 0.386977
 0.387255
 0.387906
 0.387926
 0.387149
 0.388204
 0.388306
 0.389264
 0.388234
 0.388751
 0.389287
 0.388199
 0.388811
 0.390154
 0.389314
 0.390328
 0.390640
 0.390529
 0.390702
 0.390109
 0.391243
 0.391944
 0.390888
 0.391190
 0.391538
 0.391546
 0.392315
 0.392403
 0.392672
 0.393660
 0.393605
 0.394160
 0.393976
 0.394290
 0.394504
 0.395321
 0.394427
 0.395094
 0.395396
 0.395822
 0.396508
 0.396755
 0.397096
 0.397319
 0.397561
 0.397414
 0.397908
 0.398064
 0.398522
 0.399790
 0.399629
 0.399938
 0.399739
 0.400530
 0.401034
 0.401542
 0.402118
 0.402288
 0.402369
 0.402825
 0.403078
 0.403736
 0.404936
 0.404533
 0.405649
 0.405238
 0.405658
 0.406809
 0.406470
 0.407188
 0.406945
 0.408499
 0.409347
 0.409226
 0.409525
 0.409631
 0.410544
 0.410383
 0.411576
 0.411508
 0.412662
 0.412974
 0.412961
 0.413741
 0.414572
 0.414542
 0.415518
 0.416436
 0.417173
 0.416919
 0.417808
 0.418748
 0.419762
 0.419521
 0.420780
 0.420461
 0.421699
 0.422119
 0.422752
 0.423312
 0.423398
 0.424553
 0.425634
 0.425755
 0.426800
 0.427558
 0.427414
 0.428080
 0.428530
 0.429631
 0.430217
 0.431883
 0.432391
 0.432852
 0.433716
 0.433780
 0.435517
 0.435598
 0.435576
 0.437250
 0.437913
 0.439007
 0.438538
 0.440162
 0.440261
 0.441013
 0.442381
 0.443420
 0.443979
 0.445402
 0.445195
 0.446343
 0.447611
 0.449228
 0.448417
 0.450328
 0.450339
 0.451493
 0.452826
 0.453629
 0.454359
 0.455541
 0.456859
 0.457773
 0.458249
 0.459512
 0.460779
 0.461472
 0.462445
 0.463190
 0.464340
 0.465830
 0.466112
 0.467833
 0.467775
 0.469898
 0.470352
 0.471992
 0.473454
 0.474335
 0.475275
 0.475574
 0.477095
 0.478878
 0.479776
 0.480651
 0.481869
 0.483423
 0.484772
 0.486136
 0.486800
 0.488191
 0.488725
 0.490795
 0.492165
 0.493442
 0.495037
 0.495850
 0.497229
 0.498451
 0.500284
 0.501677
 0.502174
 0.504311
 0.505068
 0.506827
 0.507574
 0.509130
 0.511090
 0.512963
 0.514514
 0.516048
 0.517678
 0.518765
 0.520498
 0.521939
 0.523582
 0.525604
 0.526808
 0.528001
 0.530636
 0.532194
 0.533987
 0.534734
 0.537058
 0.538692
 0.540626
 0.541502
 0.543925
 0.545413
 0.547552
 0.549644
 0.551661
 0.552970
 0.555222
 0.557177
 0.559289
 0.561558
 0.563532
 0.564444
 0.567420
 0.568957
 0.571871
 0.574022
 0.575167
 0.577960
 0.580190
 0.582221
 0.584202
 0.586465
 0.588462
 0.591009
 0.593592
 0.595827
 0.598783
 0.600209
 0.603890
 0.605575
 0.607979
 0.610820
 0.613575
 0.616200
 0.619477
 0.621777
 0.623828
 0.627247
 0.629802
 0.633049
 0.635623
 0.637858
 0.641697
 0.644247
 0.646969
 0.650359
 0.653203
 0.656386
 0.660225
 0.662524
 0.666085
 0.670209
 0.672885
 0.676141
 0.679735
 0.682923
 0.686660
 0.689914
 0.694339
 0.697870
 0.701431
 0.705974
 0.709829
 0.714042
 0.717775
 0.722182
 0.726053
 0.729695
 0.734543
 0.738837
 0.743450
 0.747570
 0.753099
 0.758169
 0.763024
 0.768275
 0.773249
 0.778026
 0.784072
 0.789715
 0.795241
 0.801916
 0.808084
 0.814987
 0.821721
 0.828246
 0.836122
 0.843738
 0.853033
 0.861097
 0.875421
 0.885588
 0.897103
 0.906371
 0.925088
 0.983112
 1.040297
 1.272082
 1.400746
 0.686059
 0.711937
 1.010074
 0.853497
 1.508323
 0.568764
 0.619979
 0.831557
 0.900747
 1.495671
 0.985882
 0.948572
 0.904618
 0.889666
 1.086909
 1.007184
 0.985082
 0.930128
 1.171938
 1.089864
 1.040940
 1.081899
 1.016457
 1.134293
 1.102668
 1.122102
 1.143675
 1.159815
 1.182790
 1.194214
 1.190493
 1.035577
 1.207178
 1.386899
 1.401403
 1.801579
 0.801856
 0.813331
 1.116329
 1.160311
 1.723664
 1.208627
 0.858512
 1.356701
 1.171122
 2.111957
 1.751913
 1.726689
 1.810379
 3.585691
 1.299722
 1.027723
 1.579082
 0.587456
 2.856694
 2.216959
 1.862032
 2.020528
 1.916734
 2.069700
 2.166815
 2.104800
 2.086257
 2.618959
 2.592031
 2.636098
 2.971556
 0.972171
 2.656011
 3.648085
 3.159459
 6.248742
 5.801229
 5.650304
 4.672083
 6.669088
 11.358491
 3.546927
 9.920249
 8.714614
 35.763588
 18.591713
 11.646422
 1.841830
 8.368890
 29.231237
 4.075636
 8.179364
 7.712806
 36.690548
 21.421047
 13.348214
 4.267523
 12.054811
 34.893856
 6.021712
 2.945330
 4.807356
 21.591784
 7.294079
 2.850252
 0.930426
 0.480070
 5.725835
 2.201076
 4.221109
 5.367697
 26.819523
 7.186723
 6.770897
 1.762402
 8.786070
 38.420437
 8.795898
 3.781469
 3.716441
 5.972677
 3.194177
 2.157287
 2.205376
 2.342211
 3.161901
 0.976238
 0.704799
 0.569782
 2.260797
 1.095637
 0.941073
 0.438592
 0.887833
 1.072934
 0.454909
 0.360448
 0.231934
 0.902308
 0.319259
 0.671040
 0.659354
 0.545125
 0.611389
 0.850946
 0.493204
 0.907336
 0.995036
 1.373618
 1.066817
 1.165603
 1.969115
 2.312565
 1.491070
 1.790911
 1.879311
 3.450325
 2.706579
 2.926824
 3.578420
 6.635961
 6.043799
 3.318219
 3.864672
 4.896984
 14.701865
 5.559335
 13.579966
 17.925713
 56.460361
 62.424812
 21.335367
 11.608397
 11.635770
