   7.2021484e-02
   1.5539551e-01
   1.5881348e-01
   6.3171387e-02
   8.7280273e-03
   5.8258057e-02
   1.0876465e-01
   9.1552734e-02
   5.2398682e-02
   2.2460938e-02
  -1.1352539e-02
  -2.0233154e-02
   1.4251709e-02
   3.0029297e-02
  -2.0172119e-02
  -8.6883545e-02
  -1.0223389e-01
  -7.2235107e-02
  -4.9041748e-02
  -7.1258545e-02
  -1.2799072e-01
  -1.5982056e-01
  -1.4181519e-01
  -1.1404419e-01
  -1.1721802e-01
  -1.4187622e-01
  -1.6311646e-01
  -1.6537476e-01
  -1.4578247e-01
  -1.1859131e-01
  -1.1486816e-01
  -1.3287354e-01
  -1.3839722e-01
  -1.1370850e-01
  -8.3435059e-02
  -7.3974609e-02
  -7.5103760e-02
  -6.9610596e-02
  -5.2612305e-02
  -3.3355713e-02
  -1.9714355e-02
  -1.2634277e-02
  -9.4604492e-04
   1.5441895e-02
   2.8137207e-02
   2.6580811e-02
   2.2796631e-02
   3.7322998e-02
   6.0333252e-02
   6.3995361e-02
   4.3395996e-02
   3.1616211e-02
   3.9520264e-02
   5.0567627e-02
   4.6936035e-02
   3.0792236e-02
   1.2023926e-02
   4.0893555e-03
   2.2888184e-03
  -2.1362305e-03
  -1.2786865e-02
  -2.8900146e-02
  -5.1330566e-02
  -7.0648193e-02
  -6.9274902e-02
  -6.5490723e-02
  -8.1787109e-02
  -1.1206055e-01
  -1.2243652e-01
  -1.1462402e-01
  -1.1355591e-01
  -1.2548828e-01
  -1.3342285e-01
  -1.3653564e-01
  -1.3891602e-01
  -1.3363647e-01
  -1.2216187e-01
  -1.1544800e-01
  -1.1779785e-01
  -1.1083984e-01
  -9.5520020e-02
  -7.8186035e-02
  -6.6986084e-02
  -5.3222656e-02
  -3.7902832e-02
  -2.2338867e-02
  -9.9792480e-03
   1.7395020e-03
   1.9744873e-02
   4.2419434e-02
   6.3751221e-02
   7.5012207e-02
   8.3740234e-02
   9.1491699e-02
   1.0494995e-01
   1.2161255e-01
   1.3986206e-01
   1.4462280e-01
   1.3949585e-01
   1.4010620e-01
   1.5063477e-01
   1.5835571e-01
   1.5277100e-01
   1.4624023e-01
   1.4340210e-01
   1.4028931e-01
   1.2756348e-01
   1.2002563e-01
   1.1810303e-01
   1.1160278e-01
   9.0637207e-02
   7.4523926e-02
   7.3913574e-02
   7.1228027e-02
   5.2825928e-02
   3.0242920e-02
   2.3101807e-02
   2.1545410e-02
   1.5411377e-02
   7.3242188e-04
  -5.5541992e-03
  -8.5754395e-03
  -1.5197754e-02
  -2.7587891e-02
  -2.3620605e-02
  -7.1716309e-03
  -5.9814453e-03
  -2.3742676e-02
  -3.2806396e-02
  -9.7351074e-03
   1.1352539e-02
   1.3366699e-02
   6.6528320e-03
   1.6387939e-02
   2.7740479e-02
   3.9001465e-02
   5.1116943e-02
   6.1126709e-02
   6.1981201e-02
   6.0028076e-02
   7.5653076e-02
   1.0333252e-01
   1.1920166e-01
   8.6120605e-02
   4.4860840e-02
   6.5032959e-02
   1.4282227e-01
   1.5908813e-01
   7.9742432e-02
   1.6357422e-02
   4.5043945e-02
   9.8541260e-02
   9.6221924e-02
   6.3842773e-02
   3.1372070e-02
   9.1552734e-04
  -1.9561768e-02
   1.6174316e-03
   2.6763916e-02
   6.7138672e-04
  -6.7260742e-02
  -1.0452271e-01
  -8.1390381e-02
  -4.9499512e-02
  -6.2835693e-02
  -1.1669922e-01
  -1.4886475e-01
  -1.3839722e-01
  -1.1459351e-01
  -1.1526489e-01
  -1.3098145e-01
  -1.5042114e-01
  -1.6134644e-01
  -1.4907837e-01
  -1.1895752e-01
  -1.0357666e-01
  -1.2268066e-01
  -1.3943481e-01
  -1.2268066e-01
  -8.6334229e-02
  -6.7504883e-02
  -7.0159912e-02
  -7.0556641e-02
  -5.4168701e-02
  -3.1341553e-02
  -1.9470215e-02
  -1.3732910e-02
  -2.7465820e-03
   1.2878418e-02
   2.1606445e-02
   2.9785156e-02
   3.4423828e-02
   2.4414063e-02
   2.0721436e-02
   4.9316406e-02
   7.5531006e-02
   5.0109863e-02
   1.3153076e-02
   1.6265869e-02
   3.7353516e-02
   3.5980225e-02
   2.2705078e-02
   1.0711670e-02
  -1.3763428e-02
  -3.8757324e-02
  -3.5400391e-02
  -1.7730713e-02
  -3.0548096e-02
  -7.1258545e-02
  -1.0144043e-01
  -9.6801758e-02
  -8.1390381e-02
  -8.6791992e-02
  -1.1523438e-01
  -1.3888550e-01
  -1.3726807e-01
  -1.2753296e-01
  -1.2127686e-01
  -1.2124634e-01
  -1.2808228e-01
  -1.4059448e-01
  -1.3528442e-01
  -1.0876465e-01
  -8.6212158e-02
  -8.7615967e-02
  -9.7076416e-02
  -8.7615967e-02
  -5.9997559e-02
  -3.0456543e-02
  -1.8188477e-02
  -1.3458252e-02
  -5.1879883e-03
   1.1993408e-02
   3.3020020e-02
   5.5175781e-02
   7.4737549e-02
   8.3801270e-02
   8.5998535e-02
   9.3872070e-02
   1.1694336e-01
   1.3372803e-01
   1.3558960e-01
   1.3302612e-01
   1.4044189e-01
   1.4910889e-01
   1.5090942e-01
   1.4990234e-01
   1.4578247e-01
   1.4050293e-01
   1.3381958e-01
   1.3272095e-01
   1.2997437e-01
   1.2145996e-01
   1.0589600e-01
   8.9263916e-02
   7.8247070e-02
   7.6171875e-02
   7.5317383e-02
   6.2744141e-02
   4.4433594e-02
   2.4963379e-02
   1.5655518e-02
   1.3854980e-02
   1.7242432e-02
   1.1016846e-02
  -2.7465820e-03
  -1.8859863e-02
  -2.6733398e-02
  -1.6906738e-02
   1.5258789e-04
   6.0119629e-03
  -1.1779785e-02
  -2.4444580e-02
  -1.6448975e-02
   6.6833496e-03
   1.8432617e-02
   1.9134521e-02
   1.8310547e-02
   2.2064209e-02
   3.7322998e-02
   5.3863525e-02
   6.0943604e-02
   6.0729980e-02
   6.7749023e-02
   7.8887939e-02
   9.3688965e-02
   1.1093140e-01
   1.0574341e-01
   6.4514160e-02
   5.5023193e-02
   1.1996460e-01
   1.6525269e-01
   1.0534668e-01
   2.6855469e-02
   4.0771484e-02
   9.4879150e-02
   9.6832275e-02
   6.5155029e-02
   4.2205811e-02
   1.4465332e-02
  -9.4604492e-03
   3.2653809e-03
   2.6397705e-02
   5.4626465e-03
  -4.8065186e-02
  -8.5815430e-02
  -8.2153320e-02
  -5.9082031e-02
  -5.4443359e-02
  -9.5855713e-02
  -1.4404297e-01
  -1.4578247e-01
  -1.1471558e-01
  -1.0531616e-01
  -1.3003540e-01
  -1.5280151e-01
  -1.5905762e-01
  -1.4562988e-01
  -1.2713623e-01
  -1.1572266e-01
  -1.2500000e-01
  -1.3342285e-01
  -1.2463379e-01
  -1.0025024e-01
  -7.6995850e-02
  -6.9091797e-02
  -6.9610596e-02
  -6.4819336e-02
  -4.2022705e-02
  -2.3101807e-02
  -1.4526367e-02
  -9.1552734e-03
   1.1718750e-02
   2.9357910e-02
   3.2470703e-02
   2.4505615e-02
   2.5848389e-02
   4.9987793e-02
   6.9396973e-02
   5.7678223e-02
   2.7099609e-02
   3.2623291e-02
   5.3436279e-02
   5.2612305e-02
   2.6855469e-02
   1.6723633e-02
   1.4312744e-02
   2.1972656e-03
  -1.4373779e-02
  -1.9409180e-02
  -1.9927979e-02
  -4.4494629e-02
  -7.2113037e-02
  -8.0261230e-02
  -6.7138672e-02
  -7.8887939e-02
  -1.1102295e-01
  -1.3244629e-01
  -1.2542725e-01
  -1.1795044e-01
  -1.2646484e-01
  -1.3568115e-01
  -1.3888550e-01
  -1.3952637e-01
  -1.4102173e-01
  -1.2478638e-01
  -1.0848999e-01
  -1.0433960e-01
  -1.1102295e-01
  -1.0244751e-01
  -7.9010010e-02
  -5.3710938e-02
  -4.2846680e-02
  -3.7017822e-02
  -2.0141602e-02
   2.2583008e-03
   1.7913818e-02
   2.6885986e-02
   4.7943115e-02
   7.0281982e-02
   8.2550049e-02
   8.4960938e-02
   9.7656250e-02
   1.1895752e-01
   1.3293457e-01
   1.2997437e-01
   1.3159180e-01
   1.4691162e-01
   1.5771484e-01
   1.5014648e-01
   1.3922119e-01
   1.4642334e-01
   1.5008545e-01
   1.4163208e-01
   1.2951660e-01
   1.2576294e-01
   1.1511230e-01
   1.0317993e-01
   9.7991943e-02
   9.3292236e-02
   7.2326660e-02
   5.3588867e-02
   4.8004150e-02
   4.4830322e-02
   3.4942627e-02
   1.8646240e-02
   1.2207031e-02
   4.5471191e-03
  -2.3498535e-03
  -1.0467529e-02
  -6.4392090e-03
  -6.0729980e-03
  -1.7181396e-02
  -2.8717041e-02
  -1.9256592e-02
  -1.5869141e-03
  -9.1552734e-04
  -8.0261230e-03
  -8.3923340e-03
   6.6528320e-03
   1.4739990e-02
   2.5299072e-02
   3.5247803e-02
   4.6905518e-02
   4.9407959e-02
   5.1574707e-02
   6.1401367e-02
   7.7789307e-02
   9.2529297e-02
   9.2132568e-02
   9.6069336e-02
   1.1129761e-01
   1.1285400e-01
   7.1411133e-02
   6.3110352e-02
   1.2844849e-01
   1.7080688e-01
   9.9761963e-02
   1.8035889e-02
   4.4830322e-02
   1.0888672e-01
   1.0333252e-01
   5.2032471e-02
   2.5512695e-02
   9.3688965e-03
  -7.3852539e-03
  -7.2631836e-03
   1.1077881e-02
  -3.4179688e-03
  -5.9051514e-02
  -1.0379028e-01
  -9.4329834e-02
  -5.6182861e-02
  -6.1004639e-02
  -1.1730957e-01
  -1.6323853e-01
  -1.4895630e-01
  -1.1822510e-01
  -1.1944580e-01
  -1.4364624e-01
  -1.5692139e-01
  -1.6235352e-01
  -1.5859985e-01
  -1.3565063e-01
  -1.1666870e-01
  -1.2240601e-01
  -1.4105225e-01
  -1.3323975e-01
  -1.0287476e-01
  -7.5317383e-02
  -6.5490723e-02
  -6.9061279e-02
  -6.3323975e-02
  -3.7322998e-02
  -1.4465332e-02
  -1.0681152e-02
  -7.6293945e-04
   2.2705078e-02
   3.7841797e-02
   3.2226563e-02
   3.4179688e-02
   5.1391602e-02
   5.9265137e-02
   5.7708740e-02
   6.1157227e-02
   6.5582275e-02
   5.3649902e-02
   4.2938232e-02
   4.2968750e-02
   4.2480469e-02
   3.2104492e-02
   2.3620605e-02
   1.2695313e-02
  -7.3547363e-03
  -2.3284912e-02
  -2.7160645e-02
  -3.2989502e-02
  -5.4016113e-02
  -7.2723389e-02
  -8.6303711e-02
  -9.4421387e-02
  -1.0223389e-01
  -1.1178589e-01
  -1.2353516e-01
  -1.3293457e-01
  -1.3568115e-01
  -1.3748169e-01
  -1.3992310e-01
  -1.4486694e-01
  -1.4254761e-01
  -1.3473511e-01
  -1.2106323e-01
