   5.4739380e-01
   4.3811035e-01
   2.5878906e-01
   5.2642822e-02
  -1.3412476e-01
  -2.6461792e-01
  -3.1781006e-01
  -2.9013062e-01
  -1.9467163e-01
  -5.8074951e-02
   8.5144043e-02
   2.0095825e-01
   2.6574707e-01
   2.7276611e-01
   2.3178101e-01
   1.6229248e-01
   8.4686279e-02
   1.3671875e-02
  -4.3365479e-02
  -8.4350586e-02
  -1.1080933e-01
  -1.2609863e-01
  -1.3461304e-01
  -1.3995361e-01
  -1.4245605e-01
  -1.3861084e-01
  -1.2322998e-01
  -9.3261719e-02
  -5.1208496e-02
  -4.6386719e-03
   3.6865234e-02
   6.5429688e-02
   7.6110840e-02
   6.6558838e-02
   3.5705566e-02
  -1.5380859e-02
  -8.1573486e-02
  -1.5216064e-01
  -2.1322632e-01
  -2.5164795e-01
  -2.6013184e-01
  -2.3944092e-01
  -1.9683838e-01
  -1.4324951e-01
  -9.0270996e-02
  -4.8004150e-02
  -2.3529053e-02
  -1.9348145e-02
  -3.2684326e-02
  -5.6274414e-02
  -8.1604004e-02
  -1.0244751e-01
  -1.1700439e-01
  -1.2698364e-01
  -1.3531494e-01
  -1.4392090e-01
  -1.5350342e-01
  -1.6458130e-01
  -1.7770386e-01
  -1.9232178e-01
  -2.0516968e-01
  -2.1014404e-01
  -2.0074463e-01
  -1.7440796e-01
  -1.3436890e-01
  -8.9416504e-02
  -5.0415039e-02
  -2.6275635e-02
  -2.2338867e-02
  -3.9947510e-02
  -7.7056885e-02
  -1.2786865e-01
  -1.8341064e-01
  -2.3242188e-01
  -2.6507568e-01
  -2.7630615e-01
  -2.6736450e-01
  -2.4404907e-01
  -2.1286011e-01
  -1.7825317e-01
  -1.4251709e-01
  -1.0794067e-01
  -7.8338623e-02
  -5.8929443e-02
  -5.3619385e-02
  -6.2896729e-02
  -8.3923340e-02
  -1.1245728e-01
  -1.4514160e-01
  -1.7990112e-01
  -2.1456909e-01
  -2.4517822e-01
  -2.6574707e-01
  -2.7050781e-01
  -2.5634766e-01
  -2.2406006e-01
  -1.7791748e-01
  -1.2466431e-01
  -7.2387695e-02
  -3.0151367e-02
  -6.8054199e-03
  -8.6975098e-03
  -3.6834717e-02
  -8.5296631e-02
  -1.4233398e-01
  -1.9400024e-01
  -2.2836304e-01
  -2.3864746e-01
  -2.2390747e-01
  -1.8807983e-01
  -1.3882446e-01
  -8.5998535e-02
  -4.0161133e-02
  -1.0375977e-02
  -1.9226074e-03
  -1.4526367e-02
  -4.2846680e-02
  -7.8063965e-02
  -1.1050415e-01
  -1.3201904e-01
  -1.3720703e-01
  -1.2435913e-01
  -9.6160889e-02
  -5.9478760e-02
  -2.4078369e-02
   3.0517578e-05
   5.7678223e-03
  -8.7585449e-03
  -3.9550781e-02
  -7.7636719e-02
  -1.1187744e-01
  -1.3131714e-01
  -1.2866211e-01
  -1.0250854e-01
  -5.8441162e-02
  -7.8735352e-03
   3.5858154e-02
   6.2255859e-02
   6.6680908e-02
   5.0964355e-02
   2.1118164e-02
  -1.5380859e-02
  -5.1147461e-02
  -7.9193115e-02
  -9.3017578e-02
  -8.8226318e-02
  -6.4483643e-02
  -2.6855469e-02
   1.5686035e-02
   5.3710938e-02
   8.0383301e-02
   9.2529297e-02
   8.9813232e-02
   7.4066162e-02
   4.9346924e-02
   2.3010254e-02
   4.5471191e-03
   1.9531250e-03
   1.7028809e-02
   4.3823242e-02
   7.1990967e-02
   9.2498779e-02
   1.0290527e-01
   1.0647583e-01
   1.0748291e-01
   1.0693359e-01
   1.0287476e-01
   9.4604492e-02
   8.5937500e-02
   8.4320068e-02
   9.4909668e-02
   1.1569214e-01
   1.3848877e-01
   1.5560913e-01
   1.6574097e-01
   1.7501831e-01
   1.8963623e-01
   2.0858765e-01
   2.2152710e-01
   2.1530151e-01
   1.8325806e-01
   1.3049316e-01
   7.1228027e-02
   2.1606445e-02
  -5.5847168e-03
  -1.4343262e-03
   4.0496826e-02
   1.2286377e-01
   2.3837280e-01
   3.6535645e-01
   4.6990967e-01
   5.1852417e-01
   4.9322510e-01
   3.9968872e-01
   2.6364136e-01
   1.1898804e-01
  -3.5095215e-03
  -8.0902100e-02
  -9.7106934e-02
  -4.2999268e-02
   7.7850342e-02
   2.4252319e-01
   4.0859985e-01
   5.2581787e-01
   5.5606079e-01
   4.8989868e-01
   3.5055542e-01
   1.8374634e-01
   4.0100098e-02
  -4.0374756e-02
  -3.6560059e-02
   5.0781250e-02
   1.9909668e-01
   3.6709595e-01
   5.0338745e-01
   5.6179810e-01
   5.1824951e-01
   3.8073730e-01
   1.8710327e-01
  -9.6130371e-03
  -1.5908813e-01
  -2.2720337e-01
  -2.0065308e-01
  -8.6578369e-02
   9.0240479e-02
   2.9019165e-01
   4.6517944e-01
   5.6985474e-01
   5.7519531e-01
   4.7888184e-01
   3.0517578e-01
   9.6221924e-02
  -1.0162354e-01
  -2.4948120e-01
  -3.2223511e-01
  -3.1124878e-01
  -2.2518921e-01
  -8.8806152e-02
   6.1889648e-02
   1.8930054e-01
   2.6596069e-01
   2.8225708e-01
   2.4621582e-01
   1.7651367e-01
   9.3353271e-02
   1.2634277e-02
  -5.5419922e-02
  -1.0467529e-01
  -1.3299561e-01
  -1.4288330e-01
  -1.4105225e-01
  -1.3555908e-01
  -1.3128662e-01
  -1.2756348e-01
  -1.1926270e-01
  -1.0165405e-01
  -7.4096680e-02
  -4.0496826e-02
  -6.5307617e-03
   2.2491455e-02
   4.2297363e-02
   4.8034668e-02
   3.3966064e-02
  -3.5705566e-03
  -6.2500000e-02
  -1.3302612e-01
  -2.0001221e-01
  -2.4899292e-01
  -2.7087402e-01
  -2.6391602e-01
  -2.3217773e-01
  -1.8328857e-01
  -1.2692261e-01
  -7.4310303e-02
  -3.6315918e-02
  -1.9866943e-02
  -2.5085449e-02
  -4.5562744e-02
  -7.1746826e-02
  -9.6405029e-02
  -1.1688232e-01
  -1.3409424e-01
  -1.4941406e-01
  -1.6278076e-01
  -1.7385864e-01
  -1.8414307e-01
  -1.9671631e-01
  -2.1319580e-01
  -2.3052979e-01
  -2.4014282e-01
  -2.3291016e-01
  -2.0468140e-01
  -1.5963745e-01
  -1.0870361e-01
  -6.4117432e-02
  -3.5308838e-02
  -2.7221680e-02
  -4.1717529e-02
  -7.7972412e-02
  -1.3116455e-01
  -1.9125366e-01
  -2.4447632e-01
  -2.7819824e-01
  -2.8659058e-01
  -2.7270508e-01
  -2.4533081e-01
  -2.1334839e-01
  -1.8145752e-01
  -1.5051270e-01
  -1.2112427e-01
  -9.6160889e-02
  -7.9956055e-02
  -7.5286865e-02
  -8.0871582e-02
  -9.2956543e-02
  -1.0839844e-01
  -1.2734985e-01
  -1.5216064e-01
  -1.8365479e-01
  -2.1841431e-01
  -2.4893188e-01
  -2.6699829e-01
  -2.6712036e-01
  -2.4789429e-01
  -2.1090698e-01
  -1.6006470e-01
  -1.0171509e-01
  -4.5654297e-02
  -4.4555664e-03
   1.0375977e-02
  -6.5917969e-03
  -5.1605225e-02
  -1.1248779e-01
  -1.7333984e-01
  -2.1990967e-01
  -2.4276733e-01
  -2.3812866e-01
  -2.0736694e-01
  -1.5655518e-01
  -9.6343994e-02
  -4.0252686e-02
  -1.2207031e-03
   1.2847900e-02
   1.4343262e-03
  -2.8930664e-02
  -6.8176270e-02
  -1.0574341e-01
  -1.3308716e-01
  -1.4389038e-01
  -1.3497925e-01
  -1.0717773e-01
  -6.6833496e-02
  -2.4871826e-02
   6.3476563e-03
   1.7608643e-02
   6.4086914e-03
  -2.2796631e-02
  -6.0974121e-02
  -9.7534180e-02
  -1.2277222e-01
  -1.2936401e-01
  -1.1376953e-01
  -7.8216553e-02
  -3.1097412e-02
   1.4739990e-02
   4.6569824e-02
   5.7159424e-02
   4.6569824e-02
   2.1209717e-02
  -1.0559082e-02
  -4.1534424e-02
  -6.6711426e-02
  -8.1756592e-02
  -8.2885742e-02
  -6.8023682e-02
  -3.9337158e-02
  -3.8757324e-03
   2.9174805e-02
   5.2215576e-02
   6.2408447e-02
   6.1065674e-02
   5.0994873e-02
   3.4881592e-02
   1.5502930e-02
  -2.2277832e-03
  -1.1505127e-02
  -6.2255859e-03
   1.4251709e-02
   4.3945313e-02
   7.2784424e-02
   9.2590332e-02
   1.0116577e-01
   1.0147095e-01
   9.7503662e-02
   9.0850830e-02
   8.1268311e-02
   7.0098877e-02
   6.2927246e-02
   6.6772461e-02
   8.4716797e-02
   1.1209106e-01
   1.3870239e-01
   1.5600586e-01
   1.6342163e-01
   1.6802979e-01
   1.7749023e-01
   1.9250488e-01
   2.0474243e-01
   2.0230103e-01
   1.7834473e-01
   1.3586426e-01
   8.5632324e-02
   4.0527344e-02
   1.1474609e-02
   7.3547363e-03
   3.5766602e-02
   1.0140991e-01
   2.0025635e-01
   3.1433105e-01
   4.1427612e-01
   4.6963501e-01
   4.6206665e-01
   3.9318848e-01
   2.8213501e-01
   1.5618896e-01
   4.1687012e-02
  -3.9489746e-02
  -6.9824219e-02
  -3.7261963e-02
   5.8868408e-02
   2.0074463e-01
   3.5144043e-01
   4.6499634e-01
   5.0421143e-01
   4.5709229e-01
   3.4106445e-01
   1.9561768e-01
   6.6589355e-02
  -8.0261230e-03
  -7.0190430e-03
   7.0709229e-02
   2.0581055e-01
   3.6105347e-01
   4.8889160e-01
   5.4525757e-01
   5.0534058e-01
   3.7408447e-01
   1.8539429e-01
  -9.8571777e-03
  -1.6076660e-01
  -2.3117065e-01
  -2.0568848e-01
  -9.0789795e-02
   8.8287354e-02
   2.9168701e-01
   4.7146606e-01
   5.8233643e-01
   5.9457397e-01
   5.0344849e-01
   3.3123779e-01
   1.1911011e-01
  -8.5388184e-02
  -2.4096680e-01
  -3.2046509e-01
  -3.1417847e-01
  -2.3037720e-01
  -9.3597412e-02
   6.0424805e-02
   1.9363403e-01
   2.7694702e-01
   2.9846191e-01
   2.6486206e-01
   1.9537354e-01
   1.1224365e-01
   3.3050537e-02
  -3.1829834e-02
  -7.8338623e-02
  -1.0647583e-01
  -1.1947632e-01
  -1.2265015e-01
  -1.2200928e-01
  -1.2109375e-01
  -1.1895752e-01
  -1.1090088e-01
  -9.2010498e-02
  -6.1309814e-02
  -2.2888184e-02
   1.5808105e-02
   4.7027588e-02
   6.4910889e-02
   6.5490723e-02
   4.5898438e-02
   5.1269531e-03
  -5.3771973e-02
  -1.2188721e-01
  -1.8554688e-01
  -2.3077393e-01
  -2.4816895e-01
  -2.3614502e-01
  -2.0056152e-01
  -1.5197754e-01
  -1.0214233e-01
  -6.1737061e-02
  -3.8055420e-02
  -3.4088135e-02
  -4.6722412e-02
  -6.8359375e-02
  -8.9874268e-02
  -1.0470581e-01
  -1.1148071e-01
  -1.1364746e-01
  -1.1630249e-01
  -1.2335205e-01
  -1.3647461e-01
  -1.5585327e-01
  -1.8084717e-01
  -2.0925903e-01
  -2.3556519e-01
  -2.5109863e-01
  -2.4710083e-01
  -2.1942139e-01
  -1.7150879e-01
  -1.1416626e-01
  -6.1157227e-02
  -2.4322510e-02
  -1.1169434e-02
  -2.4261475e-02
  -6.2255859e-02
  -1.1959839e-01
  -1.8597412e-01
  -2.4771118e-01
  -2.9153442e-01
  -3.0935669e-01
  -3.0139160e-01
  -2.7453613e-01
  -2.3770142e-01
  -1.9750977e-01
  -1.5725708e-01
  -1.1926270e-01
  -8.7585449e-02
  -6.7687988e-02
  -6.3446045e-02
  -7.4462891e-02
  -9.6038818e-02
  -1.2249756e-01
  -1.5054321e-01
  -1.7984009e-01
  -2.1020508e-01
  -2.3876953e-01
  -2.5933838e-01
  -2.6541138e-01
  -2.5378418e-01
  -2.2613525e-01
  -1.8707275e-01
  -1.4218140e-01
  -9.6343994e-02
  -5.5358887e-02
  -2.6916504e-02
  -1.8981934e-02
  -3.5888672e-02
  -7.4645996e-02
  -1.2475586e-01
  -1.7224121e-01
  -2.0541382e-01
  -2.1829224e-01
  -2.1047974e-01
  -1.8511963e-01
  -1.4694214e-01
  -1.0235596e-01
  -5.9753418e-02
  -2.8411865e-02
  -1.5045166e-02
  -2.0690918e-02
  -4.0496826e-02
  -6.5917969e-02
  -8.8989258e-02
  -1.0433960e-01
  -1.0897827e-01
  -1.0134888e-01
  -8.1268311e-02
  -5.1696777e-02
  -1.9866943e-02
   3.9978027e-03
   1.0864258e-02
  -2.2583008e-03
  -3.0944824e-02
  -6.5216064e-02
  -9.3902588e-02
  -1.0836792e-01
  -1.0421753e-01
  -8.1237793e-02
  -4.3304443e-02
   1.9226074e-03
   4.4036865e-02
   7.2875977e-02
   8.2122803e-02
   7.1624756e-02
   4.6630859e-02
   1.5075684e-02
  -1.6021729e-02
  -4.1168213e-02
  -5.6121826e-02
  -5.7434082e-02
  -4.3579102e-02
  -1.6815186e-02
   1.6265869e-02
   4.7027588e-02
   6.8786621e-02
   7.9223633e-02
   8.0047607e-02
   7.4493408e-02
   6.5155029e-02
   5.4565430e-02
   4.6173096e-02
   4.4555664e-02
   5.2978516e-02
   7.0190430e-02
   8.9996338e-02
   1.0473633e-01
   1.0974121e-01
   1.0617065e-01
   9.8632813e-02
   9.1491699e-02
   8.6334229e-02
   8.3404541e-02
   8.4503174e-02
   9.3200684e-02
   1.1190796e-01
   1.3796997e-01
   1.6372681e-01
   1.8148804e-01
   1.8978882e-01
   1.9461060e-01
   2.0346069e-01
   2.1722412e-01
   2.2613525e-01
   2.1548462e-01
   1.7593384e-01
   1.1172485e-01
   4.0252686e-02
  -1.6265869e-02
  -3.9794922e-02
  -2.0874023e-02
   4.1809082e-02
   1.4279175e-01
   2.6831055e-01
   3.9425659e-01
   4.8907471e-01
   5.2294922e-01
   4.8129272e-01
   3.7197876e-01
   2.2314453e-01
   7.1411133e-02
  -4.9957275e-02
  -1.1755371e-01
  -1.1746216e-01
  -4.5135498e-02
   9.1003418e-02
   2.6437378e-01
   4.3045044e-01
   5.3863525e-01
   5.5209351e-01
   4.6490479e-01
   3.0578613e-01
   1.2716675e-01
  -1.5380859e-02
  -8.0932617e-02
  -5.2551270e-02
   6.1248779e-02
   2.2985840e-01
   4.0618896e-01
   5.3680420e-01
   5.7730103e-01
   5.0787354e-01
   3.4320068e-01
   1.2799072e-01
  -7.8735352e-02
  -2.2402954e-01
  -2.7526855e-01
  -2.2439575e-01
  -8.5113525e-02
   1.1181641e-01
   3.2330322e-01
   4.9969482e-01
   5.9576416e-01
   5.8432007e-01
   4.6655273e-01
   2.7221680e-01
   4.9560547e-02
  -1.5121460e-01
  -2.9095459e-01
  -3.4820557e-01
  -3.1979370e-01
  -2.1896362e-01
  -7.3120117e-02
   8.0841064e-02
   2.0547485e-01
   2.7404785e-01
   2.7902222e-01
   2.3220825e-01
   1.5661621e-01
   7.4829102e-02
   1.3732910e-03
  -5.7769775e-02
  -1.0180664e-01
  -1.3107300e-01
  -1.4660645e-01
  -1.5115356e-01
  -1.4892578e-01
  -1.4315796e-01
  -1.3363647e-01
  -1.1657715e-01
  -8.8348389e-02
  -4.9591064e-02
  -6.2866211e-03
   3.2775879e-02
   5.9844971e-02
   7.0526123e-02
   6.2530518e-02
   3.4667969e-02
  -1.2969971e-02
  -7.6324463e-02
  -1.4541626e-01
  -2.0553589e-01
  -2.4249268e-01
  -2.4856567e-01
  -2.2497559e-01
  -1.8081665e-01
  -1.2850952e-01
  -7.9803467e-02
  -4.3792725e-02
  -2.5878906e-02
  -2.7221680e-02
  -4.3945313e-02
  -6.8176270e-02
  -9.0728760e-02
  -1.0537720e-01
  -1.1123657e-01
  -1.1218262e-01
  -1.1355591e-01
  -1.1929321e-01
  -1.3076782e-01
  -1.4831543e-01
  -1.7166138e-01
  -1.9909668e-01
  -2.2549438e-01
  -2.4200439e-01
  -2.3947144e-01
  -2.1298218e-01
  -1.6589355e-01
  -1.0879517e-01
  -5.5603027e-02
  -1.8218994e-02
  -4.0588379e-03
  -1.5899658e-02
  -5.2642822e-02
  -1.0900879e-01
  -1.7520142e-01
  -2.3776245e-01
  -2.8292847e-01
  -3.0200195e-01
  -2.9412842e-01
  -2.6562500e-01
  -2.2564697e-01
  -1.8200684e-01
  -1.3998413e-01
  -1.0345459e-01
  -7.6660156e-02
  -6.3690186e-02
  -6.6223145e-02
  -8.1756592e-02
  -1.0467529e-01
  -1.2976074e-01
  -1.5496826e-01
  -1.8121338e-01
  -2.0959473e-01
  -2.3782349e-01
  -2.5988770e-01
  -2.6885986e-01
  -2.6046753e-01
  -2.3516846e-01
  -1.9708252e-01
  -1.5167236e-01
  -1.0470581e-01
  -6.2500000e-02
  -3.2501221e-02
  -2.2125244e-02
  -3.5888672e-02
  -7.2387695e-02
  -1.2365723e-01
  -1.7764282e-01
  -2.2167969e-01
  -2.4584961e-01
  -2.4444580e-01
  -2.1658325e-01
  -1.6674805e-01
  -1.0498047e-01
  -4.5654297e-02
  -3.5400391e-03
   1.1138916e-02
  -3.2043457e-03
  -3.9428711e-02
  -8.5083008e-02
  -1.2719727e-01
  -1.5576172e-01
  -1.6510010e-01
  -1.5322876e-01
  -1.2243652e-01
  -7.9101563e-02
  -3.3416748e-02
   2.5024414e-03
   1.9042969e-02
   1.2054443e-02
  -1.5533447e-02
  -5.5511475e-02
  -9.6923828e-02
  -1.2881470e-01
  -1.4193726e-01
  -1.3110352e-01
  -9.7045898e-02
  -4.7973633e-02
   2.2888184e-03
   3.9154053e-02
   5.3314209e-02
   4.4372559e-02
   1.9409180e-02
  -1.1444092e-02
  -3.9733887e-02
  -6.0455322e-02
  -7.0861816e-02
  -6.8878174e-02
  -5.3588867e-02
  -2.7404785e-02
   2.9296875e-03
   2.8778076e-02
   4.3609619e-02
   4.6508789e-02
   4.1259766e-02
   3.2958984e-02
   2.4597168e-02
   1.7089844e-02
   1.1810303e-02
   1.2268066e-02
   2.2521973e-02
   4.3029785e-02
   6.8450928e-02
   8.9538574e-02
   9.9304199e-02
   9.7259521e-02
   8.9019775e-02
   8.1085205e-02
   7.6202393e-02
   7.2937012e-02
   7.0007324e-02
   6.9976807e-02
   7.7880859e-02
   9.6313477e-02
   1.2100220e-01
   1.4273071e-01
   1.5441895e-01
   1.5753174e-01
   1.6149902e-01
   1.7544556e-01
   1.9894409e-01
   2.1987915e-01
   2.2155762e-01
   1.9366455e-01
   1.3925171e-01
   7.2998047e-02
   1.3854980e-02
  -2.1850586e-02
  -2.2613525e-02
   1.8432617e-02
   1.0205078e-01
   2.1881104e-01
   3.4582520e-01
   4.5034790e-01
   5.0094604e-01
   4.8117065e-01
   3.9553833e-01
   2.6705933e-01
   1.2634277e-01
   2.6550293e-03
  -8.0169678e-02
  -1.0397339e-01
  -5.8380127e-02
   5.2917480e-02
   2.0629883e-01
   3.5974121e-01
   4.6545410e-01
   4.8910522e-01
   4.2456055e-01
   2.9632568e-01
   1.4843750e-01
   2.8106689e-02
  -2.8778076e-02
  -5.7983398e-03
   9.1888428e-02
   2.3849487e-01
   3.9178467e-01
   5.0332642e-01
   5.3295898e-01
   4.6401978e-01
   3.1048584e-01
   1.1276245e-01
  -7.6721191e-02
  -2.1044922e-01
  -2.5753784e-01
  -2.0855713e-01
  -7.4523926e-02
   1.1544800e-01
   3.1884766e-01
   4.8715210e-01
   5.7785034e-01
   5.6701660e-01
   4.5718384e-01
   2.7569580e-01
   6.5338135e-02
  -1.2887573e-01
  -2.6998901e-01
  -3.3496094e-01
  -3.1713867e-01
  -2.2671509e-01
  -8.9172363e-02
   5.9692383e-02
   1.8386841e-01
   2.5765991e-01
   2.7264404e-01
   2.3727417e-01
   1.6967773e-01
   8.9782715e-02
   1.2878418e-02
  -5.1269531e-02
  -9.7900391e-02
  -1.2619019e-01
  -1.3906860e-01
  -1.4221191e-01
  -1.4105225e-01
  -1.3815308e-01
  -1.3180542e-01
  -1.1834717e-01
  -9.5611572e-02
  -6.5368652e-02
  -3.2409668e-02
  -1.6479492e-03
   2.3468018e-02
   4.0618896e-02
   4.6447754e-02
   3.6132813e-02
   5.5541992e-03
  -4.4525146e-02
  -1.0665894e-01
  -1.6796875e-01
  -2.1505737e-01
  -2.3886108e-01
  -2.3666382e-01
  -2.1163940e-01
  -1.7095947e-01
  -1.2402344e-01
  -8.1024170e-02
  -5.0567627e-02
  -3.6834717e-02
  -3.8085938e-02
  -4.7729492e-02
  -5.8685303e-02
  -6.7321777e-02
  -7.4981689e-02
  -8.5662842e-02
  -1.0208130e-01
  -1.2380981e-01
  -1.4831543e-01
  -1.7340088e-01
  -1.9836426e-01
  -2.2213745e-01
  -2.4102783e-01
  -2.4792480e-01
  -2.3562622e-01
  -2.0175171e-01
  -1.5103149e-01
  -9.4268799e-02
  -4.4189453e-02
  -1.1230469e-02
  -1.8005371e-03
  -1.8371582e-02
  -5.9692383e-02
  -1.1981201e-01
  -1.8743896e-01
  -2.4752808e-01
  -2.8643799e-01
  -2.9705811e-01
  -2.8158569e-01
  -2.4893188e-01
  -2.0965576e-01
  -1.7123413e-01
  -1.3708496e-01
  -1.0885620e-01
  -8.8562012e-02
  -7.8369141e-02
  -7.8857422e-02
  -8.7341309e-02
  -9.9609375e-02
  -1.1273193e-01
  -1.2768555e-01
  -1.4788818e-01
  -1.7541504e-01
  -2.0776367e-01
  -2.3776245e-01
  -2.5692749e-01
  -2.5936890e-01
  -2.4377441e-01
  -2.1240234e-01
  -1.6921997e-01
  -1.1935425e-01
  -6.9732666e-02
  -2.9815674e-02
  -9.3994141e-03
  -1.5014648e-02
  -4.5989990e-02
  -9.4024658e-02
  -1.4624023e-01
  -1.8997192e-01
  -2.1621704e-01
  -2.2070313e-01
  -2.0364380e-01
