43.235985
42.844563
41.734928
40.073425
38.067329
35.909058
33.744385
31.668509
29.733963
27.963980
26.363094
24.925259
23.638996
22.490866
21.467072
20.554487
19.741016
19.015900
18.369522
17.793634
17.280861
16.824892
16.420238
16.062111
15.746305
15.469298
15.227883
15.019341
14.841263
14.691555
14.568391
14.470154
14.395399
14.342899
14.311516
14.300277
14.308283
14.334707
14.378839
14.439952
14.517427
14.610578
14.718786
14.841317
14.977529
15.126548
15.287417
15.459020
15.640013
15.828653
16.022913
16.220131
16.417139
16.609892
16.793509
16.962076
17.108551
17.224836
17.301819
17.329775
17.298714
17.199287
17.023594
16.766232
16.425159
16.002352
15.503961
14.939780
14.322581
13.666747
12.986986
12.297338
11.610229
10.935975
10.282705
9.656290
9.060715
8.498302
7.970061
7.476008
7.015416
6.587046
6.189354
5.820594
5.478920
5.162475
4.869439
4.598053
4.346649
4.113659
3.897617
3.697169
3.511060
3.338143
3.177356
3.027733
2.888385
2.758503
2.637348
2.524243
2.418571
2.319766
2.227314
2.140745
2.059626
1.983563
1.912195
1.845191
1.782249
1.723091
1.667458
1.615119
1.565857
1.519474
1.475788
1.434629
1.395844
1.359289
1.324832
1.292354
1.261739
1.232886
1.205698
1.180086
1.155970
1.133274
1.111928
1.091866
1.073031
1.055367
1.038824
1.023355
1.008917
0.995471
0.982981
0.971414
0.960740
0.950932
0.941966
0.933819
0.926472
0.919907
0.914109
0.909065
0.904763
0.901194
0.898351
0.896227
0.894819
0.894125
0.894142
0.894873
0.896318
0.898480
0.901364
0.904975
0.909319
0.914402
0.920231
0.926813
0.934155
0.942261
0.951137
0.960784
0.971201
0.982385
0.994325
1.007005
1.020404
1.034487
1.049211
1.064518
1.080336
1.096573
1.113120
1.129841
1.146581
1.163157
1.179361
1.194964
1.209713
1.223339
1.235567
1.246120
1.254731
1.261158
1.265193
1.266676
1.265504
1.261640
1.255111
1.246013
1.234501
1.220782
1.205102
1.187737
1.168975
1.149109
1.128422
1.107181
1.085634
1.063999
1.042472
1.021217
1.000373
0.980055
0.960352
0.941339
0.923066
0.905574
0.888888
0.873023
0.857988
0.843782
0.830399
0.817831
0.806063
0.795083
0.784871
0.775411
0.766685
0.758673
0.751356
0.744716
0.738733
0.733390
0.728669
0.724551
0.721019
0.718056
0.715643
0.713763
0.712397
0.711526
0.711130
0.711188
0.711676
0.712569
0.713840
0.715459
0.717390
0.719598
0.722040
0.724670
0.727437
0.730284
0.733149
0.735966
0.738663
0.741162
0.743384
0.745244
0.746660
0.747548
0.747826
0.747419
0.746258
0.744285
0.741454
0.737733
0.733106
0.727573
0.721152
0.713876
0.705794
0.696969
0.687473
0.677388
0.666801
0.655802
0.644482
0.632928
0.621227
0.609456
0.597690
0.585995
0.574428
0.563042
0.551879
0.540979
0.530369
0.520077
0.510120
0.500513
0.491267
0.482388
0.473881
0.465746
0.457982
0.450587
0.443557
0.436887
0.430569
0.424599
0.418968
0.413669
0.408694
0.404037
0.399688
0.395641
0.391888
0.388422
0.385235
0.382322
0.379675
0.377289
0.375156
0.373273
0.371631
0.370228
0.369056
0.368111
0.367388
0.366883
0.366589
0.366502
0.366616
0.366928
0.367430
0.368117
0.368983
0.370020
0.371222
0.372581
0.374087
0.375731
0.377502
0.379389
0.381377
0.383454
0.385603
0.387807
0.390048
0.392306
0.394559
0.396785
0.398960
0.401058
0.403055
0.404925
0.406640
0.408175
0.409506
0.410608
0.411460
0.412042
0.412337
0.412332
0.412018
0.411388
0.410442
0.409181
0.407612
0.405746
0.403598
0.401185
0.398526
0.395646
0.392568
0.389317
0.385921
0.382405
0.378796
0.375119
0.371399
0.367659
0.363920
0.360204
0.356529
0.352912
0.349368
0.345912
0.342555
0.339308
0.336181
0.333182
0.330317
0.327593
0.325014
0.322585
0.320308
0.318188
0.316224
0.314420
0.312777
0.311294
0.309973
0.308813
0.307814
0.306977
0.306300
0.305783
0.305425
0.305224
0.305179
0.305290
0.305553
0.305968
0.306531
0.307241
0.308094
0.309088
0.310219
0.311482
0.312873
0.314387
0.316017
0.317757
0.319600
0.321536
0.323556
0.325651
0.327807
0.330013
0.332255
0.334516
0.336783
0.339036
0.341259
0.343431
0.345532
0.347544
0.349444
0.351213
0.352831
0.354278
0.355537
0.356590
0.357424
0.358027
0.358388
0.358501
0.358363
0.357972
0.357332
0.356447
0.355328
0.353984
0.352431
0.350684
0.348760
0.346678
0.344458
0.342121
0.339687
0.337176
0.334609
0.332004
0.329381
0.326756
0.324146
0.321567
0.319032
0.316554
0.314145
0.311814
0.309573
0.307428
0.305387
0.303456
0.301642
0.299948
0.298379
0.296939
0.295630
0.294455
0.293416
0.292514
0.291751
0.291128
0.290644
0.290301
0.290099
0.290037
0.290115
0.290332
0.290687
0.291180
0.291808
0.292569
0.293463
0.294485
0.295632
0.296903
0.298291
0.299794
0.301404
0.303118
0.304927
0.306824
0.308801
0.310849
0.312956
0.315112
0.317304
0.319519
0.321742
0.323957
0.326149
0.328300
0.330392
0.332407
0.334327
0.336133
0.337807
0.339331
0.340690
0.341868
0.342851
0.343628
0.344190
0.344530
